image_width: 640
image_height: 480
camera_name: narrow_stereo
camera_matrix:
  rows: 3
  cols: 3
  data: [709.0180810000001, 0, 295.18938, 0, 708.824001, 250.387056, 0, 0, 1]
distortion_model: plumb_bob
distortion_coefficients:
  rows: 1
  cols: 5
  data: [0.15134, -0.386177, 0.005203, 0.007013999999999999, 0]
rectification_matrix:
  rows: 3
  cols: 3
  data: [1, 0, 0, 0, 1, 0, 0, 0, 1]
projection_matrix:
  rows: 3
  cols: 4
  data: [720.0354610000001, 0, 297.598129, 0, 0, 720.70282, 251.574282, 0, 0, 0, 1, 0]