image_width: 640
image_height: 480
camera_name: head_camera
camera_matrix:
  rows: 3
  cols: 3
  data: [742.1071441932257, 0, 300.7216380906821, 0, 746.1236460451021, 259.266194518043, 0, 0, 1]
distortion_model: plumb_bob
distortion_coefficients:
  rows: 1
  cols: 5
  data: [-0.04832124214561719, 0.1285844971571397, 0.005308240329596422, -0.005036957669463231, 0]
rectification_matrix:
  rows: 3
  cols: 3
  data: [1, 0, 0, 0, 1, 0, 0, 0, 1]
projection_matrix:
  rows: 3
  cols: 4
  data: [740.0445556640625, 0, 298.0344960120237, 0, 0, 744.2052001953125, 260.493506736897, 0, 0, 0, 1, 0]