image_width: 640
image_height: 480
camera_name: narrow_stereo
camera_matrix:
  rows: 3
  cols: 3
  data: [696.905663, 0, 278.434379, 0, 694.209476, 218.697625, 0, 0, 1]
distortion_model: plumb_bob
distortion_coefficients:
  rows: 1
  cols: 5
  data: [0.135392, -0.197524, -0.014846, -0.011364, 0]
rectification_matrix:
  rows: 3
  cols: 3
  data: [1, 0, 0, 0, 1, 0, 0, 0, 1]
projection_matrix:
  rows: 3
  cols: 4
  data: [714.412231, 0, 272.991084, 0, 0, 711.671814, 213.477522, 0, 0, 0, 1, 0]